20080204   2454501.78637 17.686  0.005	 19.826  0.012	 18.559  0.007
20080311   2454537.59549 17.786  0.005	 20.009  0.014	 18.662  0.007
20080311   2454537.65086 17.652  0.004	 19.843  0.012	 18.574  0.007
20080311   2454537.76397 17.668  0.004	 19.867  0.013	 18.571  0.007
20080311   2454537.79790 17.736  0.005	 19.915  0.013	 18.625  0.007
20080516   2454603.63463 17.815  0.005	 19.952  0.013	 18.653  0.007
20080714   2454662.52325 17.869  0.005	 20.031  0.015	 18.586  0.007
20080729   2454677.49750 17.923  0.003   20.135  0.009   18.754  0.004  
20081209   2454810.84118 17.660  0.003   19.898  0.007   18.552  0.004  
20081211   2454812.81178 17.727  0.003   19.970  0.008   18.639  0.004  
20081220   2454821.84893 17.662  0.003   19.853  0.007   18.549  0.004  
20081222   2454823.83218 17.641  0.003   19.865  0.007   18.547  0.004  
20081224   2454825.82928 17.666  0.003   19.908  0.008   18.579  0.004  
20081226   2454827.85275 17.710  0.003   19.921  0.007   18.595  0.004  
20081228   2454829.82594 17.785  0.003   20.007  0.008   18.653  0.004  
20090104   2454836.86686 17.725  0.003   19.921  0.008   18.575  0.004  
20090106   2454838.84970 17.654  0.003   19.860  0.007   18.528  0.004  
20090108   2454840.79103 17.732  0.003   19.976  0.008   18.606  0.004  
20090110   2454842.81891 17.715  0.003   19.910  0.007   18.565  0.004  
20090112   2454844.78822 17.695  0.003   19.830  0.007   18.524  0.004  
20090113   2454845.77417 17.718  0.003   19.861  0.008   18.554  0.004  
20090213   2454876.75931 17.720  0.003   19.873  0.007   18.565  0.004  
20090215   2454878.77916 17.669  0.003   19.746  0.007   18.533  0.004  
20090216   2454879.71977 17.724  0.003   19.865  0.007   18.576  0.004  
20090219   2454882.79169 17.828  0.003   20.006  0.008   18.668  0.004  
20090221   2454884.67198 17.503  0.002   19.693  0.008   18.333  0.004  
20090223   2454886.72554 17.718  0.003   999.    999.    18.582  0.004  
20090225   2454888.69750 17.770  0.003   999.    999.    18.608  0.004  
20090227   2454890.75320 17.717  0.003   19.880  0.007   18.568  0.004  
20090301   2454892.76262 17.636  0.003   19.820  0.007   18.497  0.004  
20090303   2454894.77167 17.808  0.003   20.046  0.008   18.666  0.004  
20090305   2454896.77874 17.668  0.003   19.828  0.007   18.498  0.004  
20090307   2454898.74019 17.705  0.003   19.909  0.007   18.551  0.004  
20090312   2454903.79836 17.773  0.003   19.919  0.007   18.589  0.004  
20090314   2454905.74973 17.726  0.003   19.865  0.007   18.541  0.004  
20090316   2454907.69459 17.774  0.003   19.942  0.008   18.591  0.004  
20090318   2454909.70236 17.777  0.003   19.934  0.008   18.597  0.004  
20090320   2454911.70398 17.800  0.003   19.934  0.008   18.620  0.004  
20090322   2454913.64642 17.758  0.003   19.896  0.007   18.591  0.004  
20090324   2454915.65238 17.902  0.003   20.041  0.008   18.710  0.004  
20090326   2454917.68516 17.804  0.003   19.942  0.008   18.607  0.004  
20090328   2454919.68012 17.768  0.003   19.889  0.007   18.583  0.004  
20090330   2454921.76345 17.766  0.003   19.899  0.007   18.579  0.004  
20090404   2454926.68185 17.766  0.003   19.950  0.009   18.580  0.004  
20090406   2454928.66173 17.854  0.003   20.016  0.008   18.812  0.004  
20090409   2454931.70720 17.812  0.003   19.982  0.008   18.632  0.004  
20090411   2454933.75626 17.818  0.003   19.984  0.008   18.670  0.004  
20090413   2454935.70172 17.982  0.003   19.955  0.008   18.654  0.004  
20090416   2454938.70908 17.917  0.003   20.034  0.008   18.661  0.004  
20090417   2454939.64759 18.116  0.003   20.438  0.011   18.950  0.005  
20090418   2454940.63806 17.919  0.003   20.067  0.008   18.795  0.004  
20090420   2454942.68601 17.871  0.003   20.033  0.008   18.688  0.004  
20090421   2454943.61610 17.848  0.003   20.037  0.008   18.663  0.004  
20090422   2454944.66562 17.942  0.003   20.087  0.009   18.649  0.004  
20090425   2454947.59693 17.793  0.003   19.923  0.008   18.595  0.004  
20090427   2454949.73215 17.806  0.003   19.958  0.008   18.664  0.004  
20090429   2454951.70760 17.896  0.003   20.027  0.008   18.766  0.004  
20090501   2454953.58413 17.821  0.003   19.941  0.008   18.560  0.004  
20090503   2454955.64259 18.200  0.003   20.297  0.009   18.921  0.005  
20090508   2454960.72752 18.693  0.004   20.861  0.013   19.492  0.006  
20090510   2454962.63687 17.832  0.003   19.932  0.008   18.608  0.004  
20090512   2454964.64117 17.855  0.003   19.979  0.008   18.661  0.004  
20090514   2454966.58021 17.899  0.003   20.023  0.008   18.700  0.004  
20090515   2454967.64658 17.845  0.003   19.978  0.008   18.649  0.004  
20090517   2454969.55562 17.797  0.003   19.931  0.008   18.575  0.004  
20090520   2454972.63712 17.880  0.003   20.022  0.008   18.671  0.004  
20090522   2454974.63315 17.770  0.003   19.912  0.008   18.572  0.004  
20090523   2454975.59590 17.841  0.003   19.971  0.008   18.615  0.004  
20090526   2454978.61340 18.477  0.004   20.617  0.011   19.274  0.005  
20090602   2454985.65724 17.901  0.003   20.023  0.008   18.670  0.004  
20090604   2454987.62898 18.752  0.004   20.973  0.014   19.572  0.006  
20090606   2454989.53046 18.168  0.003   20.292  0.009   18.949  0.005  
20090608   2454991.54759 17.860  0.003   19.965  0.008   18.612  0.004  
20090612   2454995.59945 17.934  0.003   20.058  0.008   18.670  0.004  
20090615   2454998.48672 18.217  0.003   20.351  0.010   18.962  0.005  
20090621   2455004.55924 19.199  0.005   21.380  0.017   19.971  0.008  
20090624   2455007.46253 17.875  0.003   19.997  0.008   18.648  0.004  
20090707   2455020.49567 18.168  0.003   20.298  0.010   18.952  0.005  
20090707   2455020.49567 18.186  0.003   20.315  0.010   18.967  0.005  
20090716   2455029.53231 17.865  0.003   20.027  0.008   18.666  0.004  
20090719   2455032.49843 17.878  0.003   20.016  0.008   18.664  0.004  
20090723   2455036.51332 17.821  0.003   20.017  0.008   18.641  0.004  
20090727   2455040.45802 17.808  0.003   19.996  0.009   18.641  0.004  
20090804   2455048.47162 17.790  0.003   20.016  0.008   18.654  0.004  
20090811   2455055.46872 18.109  0.003   20.533  0.012   19.147  0.005  
20090814   2455058.47178 18.556  0.004   20.886  0.015   19.442  0.006  
20091207   2455173.84485 19.370  0.006   21.594  0.020   20.187  0.009  
20091208   2455174.84721 17.919  0.003   20.217  0.009   18.698  0.004  
20091211   2455177.84920 17.921  0.003   20.081  0.008   18.751  0.004  
20091212   2455178.83044 18.542  0.004   20.846  0.013   19.407  0.006  
20091213   2455179.84232 18.461  0.004   20.676  0.012   19.220  0.006  
20091214   2455180.84786 17.936  0.003   20.103  0.008   18.759  0.004  
20091216   2455182.82380 18.014  0.003   20.188  0.009   18.792  0.004  
20091218   2455184.82352 18.220  0.003   20.400  0.010   19.075  0.005  
20091219   2455185.81836 17.967  0.003   20.137  0.009   18.805  0.004  
20091221   2455187.83423 17.892  0.003   20.035  0.008   18.688  0.004  
20091222   2455188.81740 17.968  0.003   20.108  0.008   18.780  0.004  
20091223   2455189.82329 17.924  0.003   20.084  0.008   18.746  0.004  
20091226   2455192.82561 17.923  0.003   20.056  0.008   18.734  0.004  
20091227   2455193.82539 17.921  0.003   20.072  0.008   18.729  0.004  
20091229   2455195.82524 17.846  0.003   19.979  0.008   18.651  0.004  
20100102   2455199.82952 17.801  0.003   19.939  0.008   18.609  0.004  
20100107   2455204.85306 17.772  0.003   19.950  0.008   18.622  0.004  
20100108   2455205.84129 17.793  0.003   19.985  0.008   18.664  0.004  
20100110   2455207.85531 17.748  0.003   19.918  0.007   18.589  0.004  
20100112   2455209.85937 17.803  0.003   20.030  0.008   18.690  0.004  
20100113   2455210.85385 17.815  0.003   20.006  0.008   18.671  0.004  
20100114   2455211.82727 17.853  0.003   20.055  0.008   18.731  0.004  
20100115   2455212.84319 18.078  0.003   20.388  0.010   18.983  0.005  
20100116   2455213.82362 17.737  0.003   20.024  0.008   18.655  0.004  
20100117   2455214.82411 17.727  0.003   19.975  0.008   18.655  0.004  
20100119   2455216.80474 17.828  0.003   20.186  0.009   18.722  0.004  
20100120   2455217.79955 17.813  0.003   20.068  0.008   18.734  0.004  
20100121   2455218.87129 17.805  0.003   20.033  0.008   18.689  0.004  
20100122   2455219.83809 17.771  0.003   19.970  0.008   18.640  0.004  
20100125   2455222.81417 17.855  0.003   20.061  0.008   18.711  0.004  
20100126   2455223.81884 18.339  0.004   20.622  0.011   19.174  0.005  
20100127   2455224.80759 17.922  0.003   20.105  0.008   18.749  0.004  
20100128   2455225.83800 17.861  0.003   20.055  0.008   18.702  0.004  
20100129   2455226.80267 18.018  0.003   20.225  0.009   18.806  0.004  
20100130   2455227.87280 17.836  0.003   19.945  0.008   18.671  0.004  
20100131   2455228.83621 17.836  0.003   19.958  0.008   18.648  0.004  
20100203   2455231.81264 18.220  0.003   20.443  0.010   19.069  0.005  
20100205   2455233.81797 17.901  0.003   20.101  0.008   18.742  0.004  
20100206   2455234.82710 17.912  0.003   20.145  0.009   18.788  0.004  
20100208   2455236.80289 18.490  0.004   20.745  0.012   19.291  0.006  
20100210   2455238.76793 17.863  0.003   19.998  0.008   18.665  0.004  
20100211   2455239.77768 17.790  0.003   19.945  0.008   18.618  0.004  
20100213   2455241.80064 17.883  0.003   19.984  0.008   18.663  0.004  
20100214   2455242.79244 17.977  0.003   20.021  0.008   18.719  0.004  
20100216   2455244.79843 17.916  0.003   20.017  0.008   18.654  0.004  
20100221   2455249.81487 17.848  0.003   20.003  0.008   18.666  0.004  
20100223   2455251.83678 17.863  0.003   20.017  0.008   18.670  0.004  
20100225   2455253.72933 17.876  0.003   20.025  0.008   18.675  0.004  
20100226   2455254.72797 17.877  0.003   20.015  0.008   18.672  0.004  
20100227   2455255.73736 17.846  0.003   20.023  0.008   18.668  0.004  
20100228   2455256.76336 17.883  0.003   20.052  0.008   18.705  0.004  
20100302   2455258.77115 17.816  0.003   20.165  0.009   18.717  0.004  
20100304   2455260.76815 17.848  0.003   19.999  0.008   18.677  0.004  
20100306   2455262.70777 17.914  0.003   20.150  0.009   18.798  0.004  
20100308   2455264.76311 17.779  0.003   19.959  0.008   18.632  0.004  
20100310   2455266.76583 17.804  0.003   19.964  0.008   18.655  0.004  
20100312   2455268.75083 17.783  0.003   20.015  0.009   18.717  0.004  
20100313   2455269.74466 17.733  0.003   19.998  0.008   18.660  0.004  
20100314   2455270.61364 17.756  0.003   20.028  0.008   18.672  0.004  
20100314   2455270.81105 17.717  0.003   19.992  0.008   18.655  0.004  
20100316   2455272.74468 17.777  0.003   19.977  0.008   18.652  0.004  
20100318   2455274.79164 17.836  0.003   20.053  0.009   18.668  0.004  
20100320   2455276.77608 17.832  0.003   19.982  0.008   18.655  0.004  
20100323   2455279.75052 17.955  0.003   20.077  0.008   18.726  0.004  
20100325   2455281.71316 17.848  0.003   19.998  0.009   18.675  0.004  
20100327   2455283.63031 17.884  0.003   19.989  0.008   18.647  0.004  
20100328   2455284.72873 17.910  0.003   20.037  0.008   18.680  0.004  
20100330   2455286.64209 17.947  0.003   20.058  0.008   18.732  0.004  
20100401   2455288.68137 17.981  0.003   20.111  0.009   18.762  0.004  
20100403   2455290.74722 17.924  0.003   20.036  0.009   18.693  0.004  
20100405   2455292.61174 19.399  0.006   21.629  0.023   20.203  0.009  
20100408   2455295.66027 17.927  0.003   20.008  0.008   18.689  0.004  
20100409   2455296.61425 17.955  0.003   20.012  0.008   18.705  0.004  
20100410   2455297.66642 17.969  0.003   20.032  0.008   18.705  0.004  
20100412   2455299.60207 17.994  0.003   20.055  0.008   18.732  0.004  
20100416   2455303.57576 20.232  0.009   22.554  0.040   20.989  0.014  
20100418   2455305.60134 17.972  0.003   20.056  0.008   18.712  0.004  
20100420   2455307.59538 18.104  0.003   20.089  0.008   18.792  0.004  
20100426   2455313.58993 18.031  0.003   20.078  0.008   18.752  0.004  
20100428   2455315.56580 18.027  0.003   20.079  0.008   18.816  0.004  
20100429   2455316.66240 18.063  0.003   20.158  0.009   18.792  0.004  
20100430   2455317.67087 18.068  0.003   20.165  0.009   18.813  0.004  
20100503   2455320.55147 18.084  0.003   20.120  0.008   18.773  0.004  
20100506   2455323.55816 17.981  0.003   20.147  0.010   18.716  0.004  
20100509   2455326.53183 17.965  0.003   20.035  0.008   18.711  0.004  
20100511   2455328.49027 17.935  0.003   19.990  0.008   18.665  0.004  
20100521   2455338.53884 17.976  0.003   20.052  0.008   18.694  0.004  
20100524   2455341.57266 17.957  0.003   20.023  0.008   18.680  0.004  
20100526   2455343.51206 17.916  0.003   20.003  0.008   18.652  0.004  
20100529   2455346.60845 18.025  0.003   20.119  0.008   18.751  0.004  
20100530   2455347.53663 17.991  0.003   20.053  0.008   18.707  0.004  
20100531   2455348.52661 18.014  0.003   20.078  0.008   18.732  0.004  
20100602   2455350.53168 18.495  0.004   20.671  0.012   19.229  0.005  
20100604   2455352.62709 17.952  0.003   20.010  0.008   18.692  0.004  
20100606   2455354.51885 17.932  0.003   20.005  0.008   18.662  0.004  
20100608   2455356.56068 17.990  0.003   20.031  0.008   18.708  0.004  
20100617   2455365.54581 18.056  0.003   20.129  0.008   18.781  0.004  
20100625   2455373.56730 18.040  0.003   20.145  0.009   18.773  0.004  
20100627   2455375.49213 18.016  0.003   20.087  0.008   18.753  0.004  
20100629   2455377.51200 18.058  0.003   20.125  0.009   18.807  0.004  
20100702   2455380.48212 17.931  0.003   19.988  0.008   18.658  0.004  
20100708   2455386.49881 17.981  0.003   20.023  0.008   18.716  0.004  
20100710   2455388.47391 17.967  0.003   20.024  0.008   18.703  0.004  
20100713   2455391.45482 18.007  0.003   19.998  0.008   18.656  0.004  
20100715   2455393.49838 18.170  0.003   20.289  0.010   18.916  0.005  
20100725   2455403.46698 17.985  0.003   20.034  0.008   18.732  0.004  
20100731   2455409.48203 18.112  0.003   20.248  0.009   18.845  0.004  
20100803   2455412.46369 17.973  0.003   20.069  0.009   18.694  0.004  
20101212   2455543.85363 17.983  0.004   20.097  0.013   18.766  0.005  
20101229   2455560.86673 17.882  0.003   19.961  0.012   18.646  0.005  
20110102   2455564.82513 17.951  0.004   19.978  0.014   18.698  0.005  
20110105   2455567.83782 999.    999.    999.    999.    999.    999.   
20110108   2455570.85703 17.945  0.003   20.002  0.013   18.698  0.005  
20110110   2455572.85958 17.906  0.003   20.010  0.013   18.673  0.005  
20110112   2455574.82556 17.890  0.003   19.977  0.012   18.685  0.005  
20110116   2455578.82561 17.919  0.003   19.983  0.012   18.679  0.005  
20110117   2455579.84109 17.927  0.004   19.976  0.014   18.684  0.006  
20110120   2455582.86799 17.946  0.003   20.037  0.012   18.710  0.005  
20110124   2455586.86493 18.222  0.005   20.375  0.023   18.992  0.008  
20110126   2455588.85623 18.015  0.003   20.097  0.012   18.813  0.005  
20110127   2455589.81864 17.962  0.003   20.014  0.012   18.720  0.005  
20110129   2455591.82461 17.967  0.003   20.007  0.014   18.731  0.006  
20110131   2455593.86752 17.903  0.003   19.997  0.011   18.655  0.005  
20110202   2455595.79982 18.003  0.004   20.058  0.013   18.744  0.005  
20110206   2455599.85026 18.008  0.003   20.095  0.012   18.763  0.005  
20110211   2455604.86207 17.920  0.003   19.955  0.013   18.661  0.005  
20110213   2455606.82914 17.977  0.003   20.040  0.013   18.739  0.005  
20110215   2455608.76585 17.997  0.003   20.029  0.014   18.764  0.005  
20110222   2455615.80909 17.957  0.003   20.026  0.012   18.725  0.005  
20110224   2455617.82106 17.988  0.004   20.049  0.015   18.770  0.006  
20110227   2455620.77983 18.090  0.004   20.164  0.014   18.852  0.005  
20110227   2455620.77983 18.090  0.004   20.175  0.014   18.856  0.005  
20110301   2455622.68535 18.377  0.004   20.408  0.018   19.107  0.007  
20110301   2455622.68535 18.378  0.004   20.408  0.018   19.106  0.007  
20110303   2455624.77700 18.057  0.004   20.106  0.013   18.822  0.005  
20110307   2455628.75336 18.006  0.003   20.042  0.013   18.735  0.005  
20110309   2455630.79767 18.066  0.004   20.101  0.012   18.811  0.005  
20110311   2455632.80647 17.978  0.004   20.058  0.013   18.743  0.005  
20110313   2455634.74937 17.936  0.003   20.099  0.013   18.707  0.005  
20110316   2455637.80156 17.984  0.003   20.058  0.012   18.761  0.005  
20110319   2455640.71036 17.970  0.004   20.063  0.017   18.727  0.006  
20110321   2455642.75244 17.914  0.003   20.015  0.013   18.702  0.005  
20110327   2455648.74383 17.942  0.003   20.005  0.011   18.690  0.005  
20110330   2455651.74460 18.771  0.005   20.867  0.028   19.552  0.010  
20110401   2455653.65381 17.927  0.003   19.987  0.013  
20110403   2455655.69427 17.936  0.003   20.039  0.013   18.715  0.005  
20110405   2455657.67708 17.981  0.003   20.059  0.012   18.765  0.005  
20110407   2455659.66507 17.938  0.004   19.981  0.014   18.704  0.005  
20110410   2455662.65253 17.927  0.003   20.026  0.013   18.730  0.005  
20110413   2455665.66881 17.942  0.004   20.013  0.013   18.736  0.005  
20110417   2455669.62799 17.893  0.003   19.975  0.012   18.690  0.005  
20110421   2455673.67596 17.938  0.004   19.973  0.013   18.697  0.006  
20110425   2455677.57175 17.885  0.004   19.931  0.016  
20110428   2455680.61554 17.993  0.004   20.081  0.014   18.773  0.006  
20110502   2455684.63013 17.977  0.004   20.002  0.014   18.754  0.006  
20110505   2455687.58178 17.942  0.004   19.975  0.014   18.715  0.006  
20110509   2455691.57346 17.947  0.004   19.972  0.013   18.704  0.005  
20110511   2455693.67637 18.225  0.004   20.247  0.017   18.985  0.007  
20110514   2455696.63149 17.966  0.004   19.978  0.017   18.746  0.006  
20110516   2455698.56211 17.949  0.004   20.003  0.014   18.736  0.006  
20110518   2455700.50324 17.982  0.004   20.029  0.019   18.695  0.007  
20110522   2455704.54907 18.277  0.004   20.350  0.019   19.038  0.007  
20110525   2455707.52762 17.977  0.004   20.045  0.014   18.750  0.006  
20110529   2455711.51484 18.076  0.004   20.118  0.015   18.835  0.006  
20110611   2455724.56650 17.996  0.004   20.003  0.015   18.780  0.006  
20110614   2455727.49864 18.283  0.005   20.310  0.020   19.048  0.008  
20110623   2455736.57008 17.976  0.004   20.028  0.016   18.736  0.006  
20110626   2455739.46819 17.941  0.004   19.945  0.017   18.709  0.006  
20110629   2455742.50661 999.    999.    999.    999.    999.    999.   
20110705   2455748.57539 18.168  0.005   20.185  0.023   18.918  0.008  
20110714   2455757.53256 18.073  0.004   20.148  0.015   18.827  0.006  
20110722   2455765.54368 18.037  0.004   20.058  0.019   18.815  0.007  
20110725   2455768.52965 18.049  0.004   20.066  0.018   18.827  0.007  
20110803   2455777.48819 18.140  0.005   20.147  0.021   18.918  0.008  
20110810   2455784.48561 17.994  0.004   20.036  0.019   18.744  0.007  
20111220   2455916.84420 999.    999.    999.    999.    999.    999.   
20111224   2455920.84505 18.242  0.004   20.306  0.013   18.983  0.005  
20111228   2455924.84383 17.987  0.003   20.043  0.012   18.783  0.005  
20120107   2455934.82168
20120107   2455934.82168 18.060  0.003   20.128  0.008   18.807  0.004  
20120115   2455942.81744 18.102  0.003   20.137  0.008   18.847  0.004  
20120118   2455945.77312 18.153  0.003   20.228  0.008   18.901  0.004  
20120121   2455948.80819 18.108  0.003   20.161  0.008   18.849  0.004  
20120125   2455952.80288 18.063  0.003   20.121  0.007   18.828  0.004  
20120128   2455955.78917 18.117  0.003   20.145  0.008   18.870  0.004  
20120201   2455959.76900 18.112  0.003   20.175  0.008   18.887  0.004  
20120206   2455964.73484 18.144  0.003   20.218  0.008   18.923  0.004  
20120211   2455969.78035 18.199  0.003   20.275  0.008   18.917  0.004  
20120214   2455972.79086 18.129  0.003   20.222  0.009   18.867  0.004  
20120217   2455975.78598 18.230  0.003   20.257  0.008   18.954  0.004  
20120221   2455979.77327 18.105  0.003   20.217  0.008   18.889  0.004  
20120311   2455998.63185 17.822  0.003   19.897  0.007   18.613  0.004  
20120315   2456002.68588 17.838  0.003   19.935  0.009   18.640  0.004  
20120318   2456005.73079 17.778  0.003   19.848  0.008   18.576  0.004  
20120321   2456008.65441 17.825  0.003   19.885  0.008   18.590  0.004  
20120324   2456011.67662 17.782  0.003   19.876  0.009   18.598  0.004  
20120327   2456014.56978 17.802  0.003   19.889  0.008   18.617  0.004  
20120330   2456017.65148 17.906  0.003   20.002  0.008   18.682  0.004  
20120402   2456020.60069 17.844  0.003   19.943  0.008   18.631  0.004  
20120407   2456025.62528 17.830  0.003   19.925  0.008   18.626  0.004  
20120412   2456030.70157 19.010  0.005   21.133  0.016   19.770  0.007  
20120415   2456033.61398 17.857  0.003   19.957  0.008   18.631  0.004  
20120418   2456036.62789 17.770  0.003   19.874  0.008   18.561  0.004  
20120421   2456039.55721 17.875  0.003   19.985  0.009   18.672  0.004  
20120424   2456042.66261 17.873  0.003   19.999  0.008   18.693  0.004  
20120429   2456047.63871 17.801  0.003   19.909  0.008   18.608  0.004  
20120504   2456052.60657 17.821  0.003   19.913  0.008   18.619  0.004  
20120507   2456055.57964 17.952  0.003   20.018  0.008   18.755  0.004  
20120510   2456058.55739 17.833  0.003   19.921  0.008   18.641  0.004  
20120514   2456062.53322 17.899  0.003   19.974  0.008   18.706  0.004  
20120517   2456065.52241 17.834  0.003   19.861  0.008   18.643  0.004  
20120520   2456068.52772 17.984  0.003   20.034  0.008   18.774  0.004  
20120523   2456071.51568 17.852  0.003   19.905  0.008   18.647  0.004  
20120603   2456082.54358 18.014  0.003   20.090  0.009   18.787  0.004  
20120625   2456104.50324 17.809  0.003   19.859  0.008   18.583  0.004  
20120630   2456109.53758 18.073  0.003   20.222  0.009   18.877  0.005  
20120704   2456113.60645 18.169  0.003   20.331  0.011   19.008  0.005  
20120707   2456116.55551 18.001  0.003   19.974  0.009   18.710  0.004  
20120710   2456119.51449 18.001  0.003   20.103  0.009   18.766  0.004  
20120714   2456123.51252 18.026  0.003   20.163  0.010   18.880  0.005  
20120717   2456126.50593 17.946  0.003   19.993  0.008   18.691  0.004  
20120720   2456129.54515 19.531  0.007   21.627  0.022   20.297  0.010  
20120729   2456138.50823 17.936  0.003   20.033  0.009   18.733  0.004  
20120809   2456149.46820 17.950  0.003   19.946  0.009   18.724  0.004  
20130317   2456369.76046 17.893  0.003   19.927  0.008   18.674  0.004  
20130630   2456474.56277 18.020  0.003   20.079  0.009   18.789  0.005  
20130712   2456486.54539 18.007  0.003   20.064  0.009   18.763  0.004  
20140102   2456660.85543 18.149  0.003   20.143  0.009   18.909  0.005  
20140204   2456693.77547 18.137  0.003   20.149  0.009   18.881  0.005  
20140319   2456736.69963 18.071  0.003   20.096  0.009   18.813  0.004  
20140513   2456791.50725 18.073  0.003   20.070  0.009   18.809  0.004  
20140718   2456857.53253 18.166  0.003   20.138  0.009   18.876  0.005  
20150309   2457091.74313 18.167  0.003   20.120  0.008   18.800  0.004  
