20080516   2454603.63048 16.279 0.002	19.506 0.014	18.718 0.008
20080714   2454662.51908 16.720 0.003	19.994 0.020	19.054 0.010
20101212   2455543.85153 16.474  0.004   19.529  0.038   18.879  0.016  
20101229   2455560.86463 16.423  0.004   19.272  0.033   18.787  0.019  
20110102   2455564.82302 16.454  0.003   19.549  0.031   18.755  0.018  
20110105   2455567.83571 999.    999.    999.    999.    999.    999.   
20110108   2455570.85492 16.460  0.004   19.189  0.032   18.754  0.019  
20110110   2455572.85746 16.461  0.004   19.153  0.028   18.679  0.018  
20110112   2455574.82345 16.437  0.004   19.242  0.033   18.633  0.018  
20110116   2455578.82351 16.442  0.004   19.447  0.033   18.819  0.020  
20110117   2455579.83897 16.441  0.004   19.641  0.045   18.760  0.020  
20110120   2455582.86586 16.482  0.004   19.336  0.033   18.796  0.018  
20110124   2455586.86281 16.608  0.004   19.778  0.060   18.918  0.022  
20110126   2455588.85410 16.490  0.004   19.239  0.034   18.774  0.021  
20110127   2455589.81653 16.487  0.004   19.385  0.036   18.867  0.023  
20110129   2455591.82250 16.517  0.004   19.639  0.043   18.844  0.020  
20110131   2455593.86540 16.433  0.004   19.278  0.039   18.784  0.026  
20110202   2455595.79765 16.558  0.004   19.524  0.045   18.972  0.024  
20110206   2455599.84812 16.499  0.003   19.164  0.031   18.700  0.022  
20110211   2455604.85993 16.465  0.003   19.589  0.037   18.768  0.017  
20110213   2455606.82700 16.514  0.004   19.578  0.042   18.918  0.024  
20110215   2455608.76372 16.531  0.004   19.623  0.039   18.940  0.022  
20110222   2455615.80700 16.495  0.004   19.476  0.044   18.798  0.022  
20110224   2455617.81896 16.511  0.004   19.629  0.045   18.835  0.019  
20110227   2455620.77773 16.590  0.004   19.518  0.041   18.885  0.023  
20110227   2455620.77773 16.590  0.004   19.526  0.041   18.885  0.023  
20110301   2455622.68326 17.724  0.010   20.511  0.112   19.663  0.056  
20110301   2455622.68326 17.762  0.011   20.353  0.099   19.684  0.055  
20110303   2455624.77492 16.551  0.004   19.503  0.045   18.885  0.024  
20110307   2455628.75128 16.532  0.004   19.488  0.045   18.776  0.020  
20110309   2455630.79559 16.546  0.004   19.350  0.035   18.824  0.021  
20110311   2455632.80438 16.472  0.003   19.656  0.036   18.797  0.016  
20110313   2455634.74729 16.433  0.004   19.445  0.036   18.773  0.018  
20110316   2455637.79947 16.464  0.003   19.639  0.036   18.821  0.018  
20110319   2455640.70828 16.422  0.003   19.375  0.036   18.683  0.019  
20110321   2455642.75034 16.445  0.004   19.273  0.035   18.719  0.021  
20110327   2455648.74173 16.451  0.004   19.711  0.045   18.728  0.020  
20110330   2455651.74252 16.484  0.004   19.536  0.042   18.807  0.022  
20110401   2455653.65171 16.416  0.003   19.392  0.033  
20110403   2455655.69218 16.461  0.004   19.345  0.034   18.737  0.019  
20110405   2455657.67499 16.468  0.004   19.430  0.039   18.720  0.019  
20110407   2455659.66299 16.460  0.004   19.676  0.044   18.800  0.022  
20110410   2455662.65043 16.441  0.004   19.661  0.040   18.709  0.019  
20110413   2455665.66672 16.494  0.003   19.709  0.035   18.883  0.019  
20110417   2455669.62588 16.437  0.004   19.309  0.036   18.666  0.020  
20110421   2455673.67772 16.497  0.002   19.883  0.033   18.783  0.012  
20110425   2455677.57348 16.480  0.003   20.050  0.064  
20110428   2455680.61722 16.527  0.003   19.839  0.041   18.854  0.016  
20110502   2455684.63181 16.500  0.003   19.503  0.036   18.838  0.018  
20110505   2455687.58346 16.513  0.003   19.610  0.042   18.858  0.021  
20110509   2455691.57514 16.475  0.003   19.826  0.044   18.789  0.018  
20110511   2455693.67806 16.804  0.004   20.061  0.063   19.225  0.033  
20110514   2455696.63317 16.551  0.003   19.779  0.043   18.955  0.017  
20110516   2455698.56379 16.564  0.003   19.543  0.037   18.953  0.023  
20110518   2455700.50493 16.546  0.003   19.669  0.041   18.852  0.020  
20110522   2455704.55075 16.818  0.003   20.152  0.046   19.209  0.018  
20110525   2455707.52931 16.530  0.003   20.087  0.054   18.911  0.016  
20110529   2455711.51652 16.710  0.004   19.587  0.051   19.091  0.024  
20110611   2455724.56818 16.536  0.003   19.675  0.042   18.896  0.016  
20110614   2455727.50031 16.912  0.004   19.806  0.047   19.267  0.025  
20110623   2455736.57177 16.505  0.002   19.728  0.033   18.892  0.014  
20110626   2455739.46987 16.517  0.003   19.548  0.033   18.842  0.018  
20110629   2455742.50830 999.    999.    999.    999.    999.    999.   
20110705   2455748.57708 16.665  0.003   20.134  0.043   19.044  0.016  
20110714   2455757.53425 16.595  0.002   19.998  0.030   18.979  0.011  
20110722   2455765.54536 16.592  0.003   20.363  0.072   18.915  0.018  
20110725   2455768.53133 16.599  0.003   20.182  0.048   19.003  0.015  
20110803   2455777.48987 16.746  0.003   20.337  0.059   19.109  0.017  
20110810   2455784.48730 16.595  0.003   19.721  0.050   18.967  0.022  
20111220   2455916.84624 999.    999.    999.    999.    999.    999.   
20111224   2455920.84708 16.887  0.004   20.543  0.134   19.688  0.048  
20111228   2455924.84587 16.612  0.003   20.817  0.123   19.146  0.029  
20120107   2455934.82372
20120107   2455934.82372 16.625  0.002   20.263  0.023   19.198  0.009  
20120115   2455942.81948 16.620  0.002   20.229  0.024   19.201  0.009  
20120118   2455945.77516 16.665  0.002   20.587  0.038   19.265  0.010  
20120121   2455948.81023 16.665  0.002   20.203  0.018   19.206  0.008  
20120125   2455952.80492 16.607  0.002   20.069  0.022   19.145  0.009  
20120128   2455955.79120 16.696  0.002   20.294  0.026   19.278  0.009  
20120201   2455959.77104 16.755  0.002   20.315  0.027   19.429  0.011  
20120206   2455964.73689 16.729  0.002   20.532  0.029   19.458  0.010  
20120211   2455969.78241 16.747  0.002   20.390  0.030   19.338  0.011  
20120214   2455972.79290 16.693  0.002   20.318  0.024   19.287  0.009  
20120217   2455975.78805 16.761  0.002   20.452  0.030   19.387  0.011  
20120221   2455979.77536 16.689  0.002   20.217  0.023   19.205  0.009  
20120311   2455998.63586 16.353  0.002   19.581  0.015   18.739  0.007  
20120315   2456002.68761 16.391  0.002   19.637  0.014   18.806  0.008  
20120318   2456005.73251 16.402  0.002   19.657  0.012   18.784  0.006  
20120324   2456011.67833 16.356  0.002   19.570  0.014   18.750  0.006  
20120327   2456014.57151 16.396  0.002   19.637  0.016   18.768  0.007  
20120330   2456017.65321 16.403  0.002   19.688  0.014   18.846  0.008  
20120402   2456020.60241 16.409  0.002   19.694  0.014   18.842  0.007  
20120407   2456025.62700 16.408  0.002   19.611  0.014   18.790  0.007  
20120412   2456030.70331 16.522  0.002   19.746  0.013   18.940  0.007  
20120415   2456033.61570 16.387  0.002   19.683  0.012   18.798  0.006  
20120418   2456036.62962 16.352  0.001   19.603  0.012   18.750  0.006  
20120421   2456039.55894 16.433  0.002   19.671  0.015   18.853  0.007  
20120424   2456042.65919 16.396  0.001   19.623  0.011   18.798  0.005  
20120429   2456047.63530 16.387  0.002   19.669  0.012   18.808  0.006  
20120504   2456052.60315 16.390  0.002   19.664  0.016   18.796  0.006  
20120507   2456055.57615 16.493  0.002   19.744  0.017   18.908  0.007  
20120510   2456058.55397 16.386  0.001   19.612  0.011   18.785  0.006  
20120514   2456062.52979 16.449  0.002   19.685  0.012   18.835  0.006  
20120517   2456065.51899 16.387  0.002   19.613  0.013   18.791  0.006  
20120520   2456068.52430 16.605  0.002   19.943  0.019   19.013  0.008  
20120523   2456071.51228 16.446  0.002   19.676  0.015   18.846  0.007  
20120603   2456082.54014 16.474  0.002   19.828  0.017   18.877  0.007  
20120625   2456104.50036 16.329  0.001   19.517  0.017   18.693  0.008  
20120630   2456109.53409 16.700  0.002   19.799  0.014   999.    999.   
20120704   2456113.59942 16.537  0.002   19.830  0.012   18.906  0.005  
20120707   2456116.55207 16.467  0.002   19.741  0.012   18.901  0.007  
20120710   2456119.51108 16.586  0.002   19.727  0.010   18.876  0.006  
20120714   2456123.50910 16.603  0.002   19.730  0.012   19.005  0.006  
20120717   2456126.50249 16.398  0.002   19.678  0.016   18.827  0.007  
20120720   2456129.54176 17.210  0.002   20.550  0.028   19.649  0.012  
20120729   2456138.50482 16.467  0.002   19.643  0.014   18.822  0.006  
20120809   2456149.46480 16.433  0.002   20.619  0.073   18.847  0.007  
20130317   2456369.75699 16.433  0.002   19.633  0.012   18.826  0.006  
20130330   2456382.66198 18.259  0.005   21.015  0.043   20.702  0.032  
20130630   2456474.55923 16.498  0.002   19.753  0.012   18.939  0.007  
20130712   2456486.54185 16.506  0.002   19.791  0.013   18.900  0.006  
20140102   2456660.85189 16.632  0.002   20.199  0.020   19.116  0.009  
20140204   2456693.77182 16.647  0.002   19.794  0.017   19.060  0.008  
20140319   2456736.69604 16.502  0.002   19.890  0.015   18.919  0.007  
20140423   2456771.68767 16.510  0.002   19.821  0.018   18.898  0.008  
20140513   2456791.50380 16.525  0.002   19.864  0.015   18.917  0.007  
20140718   2456857.52906 16.621  0.002   19.818  0.021   19.086  0.010  
20150309   2457091.73172 16.571  0.002   19.709  0.018   18.990  0.009  
20150309   2457091.73756 16.796  0.002   19.775  0.023   19.052  0.012  
20150509   2457152.61530 17.087  0.002   20.392  0.023   19.423  0.010  
